0 00001 100 000 00000 0000 0000 0000 0001
1 00001 101 000 00000 0000 0000 0010 0000
2 00001 110 110 00000 0000 0000 0000 0001
3 01101 001 110 00000 0000 0000 0000 0000
4 10000 000 001 00000 0000 0000 0000 0000
5 00010 101 101 100 00 0000 0000 0000 0000
6 00110 001000  00000 0000 0000 0000 0000
7 00101 000010  00000 0000 0000 0000 0000
8 10001 010 000 00000 0000 0000 0000 0000
9 00001 110 110 00000 0000 0000 0000 0001
10 01101 001 110 00000 0000 0000 0000 0000
11 10000 000 001 00000 0000 0000 0000 0000
12 10001 010 000 00000 0000 0000 0000 0000
13 00101 001001  00000 0000 0000 0000 0000