0 00001 011 000 00000 0000 0000 0000 0001
1 01101 001 011 00000 0000 0000 0000 0000
3 10000 000 001 00000 0000 0000 0000 0000
4 00001 011 000 00000 0000 0000 0000 0001
5 01101 001 011 00000 0000 0000 0000 0000
6 10000 000 001 00000 0000 0000 0000 0000
7 00001 011 000 00000 0000 0000 0000 0001
8 01101 001 011 00000 0000 0000 0000 0000
9 10000 000 001 00000 0000 0000 0000 0000
10 00001 011 000 00000 0000 0000 0000 0001
11 01101 001 011 00000 0000 0000 0000 0000
12 10000 000 001 00000 0000 0000 0000 0000
13 00001 011 000 00000 0000 0000 0000 0001
14 01101 001 011 00000 0000 0000 0000 0000
15 10000 000 001 00000 0000 0000 0000 0000
16 00001 011 000 00000 0000 0000 0000 0001
17 01101 001 011 00000 0000 0000 0000 0000
18 10000 000 001 00000 0000 0000 0000 0000
19 00001 011 000 00000 0000 0000 0000 0001
20 01101 001 011 00000 0000 0000 0000 0000
21 10000 000 001 00000 0000 0000 0000 0000
22 00001 011 000 00000 0000 0000 0000 0001
23 01101 001 011 00000 0000 0000 0000 0000
24 10000 000 001 00000 0000 0000 0000 0000
25 00001 011 000 00000 0000 0000 0000 0001
26 01101 001 011 00000 0000 0000 0000 0000
27 10000 000 001 00000 0000 0000 0000 0000
28 00001 011 000 00000 0000 0000 0000 0001
29 01101 001 011 00000 0000 0000 0000 0000
30 10000 000 001 00000 0000 0000 0000 0000
31 00001 011 000 00000 0000 0000 0000 0001
32 01101 001 011 00000 0000 0000 0000 0000
33 10000 000 001 00000 0000 0000 0000 0000
34 00001 011 000 00000 0000 0000 0000 0001
35 01101 001 011 00000 0000 0000 0000 0000
36 10000 000 001 00000 0000 0000 0000 0000
37 00001 011 000 00000 0000 0000 0000 0001
38 01101 001 011 00000 0000 0000 0000 0000
39 10000 000 001 00000 0000 0000 0000 0000
40 00001 011 000 00000 0000 0000 0000 0001
41 01101 001 011 00000 0000 0000 0000 0000
42 10000 000 001 00000 0000 0000 0000 0000
43 00001 011 000 00000 0000 0000 0000 0001
44 01101 001 011 00000 0000 0000 0000 0000
45 10000 000 001 00000 0000 0000 0000 0000
46 00001 011 000 00000 0000 0000 0000 0001
47 01101 001 011 00000 0000 0000 0000 0000
48 10000 000 001 00000 0000 0000 0000 0000
49 00001 011 000 00000 0000 0000 0000 0001
50 01101 001 011 00000 0000 0000 0000 0000
51 10000 000 001 00000 0000 0000 0000 0000
52 00001 011 000 00000 0000 0000 0000 0001
53 01101 001 011 00000 0000 0000 0000 0000
54 10000 000 001 00000 0000 0000 0000 0000
55 00001 011 000 00000 0000 0000 0000 0001
56 01101 001 011 00000 0000 0000 0000 0000
57 10000 000 001 00000 0000 0000 0000 0000
58 00001 011 000 00000 0000 0000 0000 0001
59 01101 001 011 00000 0000 0000 0000 0000
60 10000 000 001 00000 0000 0000 0000 0000
61 00001 011 000 00000 0000 0000 0000 0001
62 01101 001 011 00000 0000 0000 0000 0000
63 10000 000 001 00000 0000 0000 0000 0000
64 00001 011 000 00000 0000 0000 0000 0001
65 01101 001 011 00000 0000 0000 0000 0000
66 10000 000 001 00000 0000 0000 0000 0000
67 00001 011 000 00000 0000 0000 0000 0001
68 01101 001 011 00000 0000 0000 0000 0000
69 10000 000 001 00000 0000 0000 0000 0000
70 00001 011 000 00000 0000 0000 0000 0001
71 01101 001 011 00000 0000 0000 0000 0000
72 10000 000 001 00000 0000 0000 0000 0000
73 00001 011 000 00000 0000 0000 0000 0001
74 01101 001 011 00000 0000 0000 0000 0000
75 10000 000 001 00000 0000 0000 0000 0000
76 00001 011 000 00000 0000 0000 0000 0001
77 01101 001 011 00000 0000 0000 0000 0000
78 10000 000 001 00000 0000 0000 0000 0000
79 00001 011 000 00000 0000 0000 0000 0001
80 01101 001 011 00000 0000 0000 0000 0000
81 10000 000 001 00000 0000 0000 0000 0000
82 00001 011 000 00000 0000 0000 0000 0001
83 01101 001 011 00000 0000 0000 0000 0000
84 10000 000 001 00000 0000 0000 0000 0000
85 00001 011 000 00000 0000 0000 0000 0001
86 01101 001 011 00000 0000 0000 0000 0000
87 10000 000 001 00000 0000 0000 0000 0000
88 00001 011 000 00000 0000 0000 0000 0001
89 01101 001 011 00000 0000 0000 0000 0000
90 10000 000 001 00000 0000 0000 0000 0000
91 00001 011 000 00000 0000 0000 0000 0001
1 01101 001 011 00000 0000 0000 0000 0000
3 10000 000 001 00000 0000 0000 0000 0000
0 00001 011 000 00000 0000 0000 0000 0001
1 01101 001 011 00000 0000 0000 0000 0000
3 10000 000 001 00000 0000 0000 0000 0000