1	0001 001 000 0000000000000000100000
2	0001 010 000 0000000000000000000101
3	0001 011 011 0000000000000000000001
4	0010 111 001 011 0000000000000000000
5	0110 001001 0000000000000000000000
6	1101 100 011 0000000000000000000000
7	0011 101 101 100 0000000000000000000
8	0101 000011 0000000000000000000000
9	1000 100 101 010 0000000000000000000
10	0010 001 011 001 0000000000000000000
11	0001 001 001 0000000000000000000001
12	0001 011 011 0000000000000000000001
13	1101 110 001 0000000000000000000000
14	1101 111 011 0000000000000000000000
15	0111 101 100 010 0000000000000000000
16	0010 101 101 110 0000000000000000000
17	0011 101 101 111 0000000000000000000
18	1000 100 101 010 0000000000000000000
19	1110 100 000 0000000000000000000000
20	0101 001011 0000000000000000000000







