0 0001 1100 0000 0000 0000 0000 0000 0001
1 0001 1110 0000 0000 0000 0000 0001 1111
2 0001 1000 0000 0000 0000 0000 0001 1110
3 0001 1010 0000 0000 0000 0000 0000 0000
4 1101 0011 1100 0000 0000 0000 0000 0000
5 0001 1111 1100 0000 0000 0000 0000 0001
6 1101 0101 1000 0000 0000 0000 0000 0000
7 0001 1101 1000 0000 0000 0000 0000 0001
8 0010 0100 1010 0000 0000 0000 0000 0000
9 0100 0110 0000 0000 0000 0000 0000 0000
10 0001 1010 0000 0000 0000 0000 0000 0001
11 0101 0100 0000 0000 0000 0000 0000 0000
12 0010 0110 1110 1000 0000 0000 0000 0000
13 0010 1011 0110 1000 0000 0000 0000 0000
14 0010 0010 0110 0000 0000 0000 0000 0000
15 0100 1001 0000 0000 0000 0000 0000 0000
16 0001 1011 0100 0000 0000 0000 0000 0001
17 0101 0111 0000 0000 0000 0000 0000 0000
18 0011 0110 1110 1000 0000 0000 0000 0000
19 0101 0001 1000 0000 0000 0000 0000 0000