0 1101 0010 0000 0000 0000 0000 0000 0000
1 1101 0100 0000 0000 0000 0000 0001 1110
2 0001 1000 0000 0000 0000 0000 0001 1110
3 0001 1010 0000 0000 0000 0000 0000 0000
4 0010 0100 1010 0000 0000 0000 0000 0000
5 0100 0100 1000 0000 0000 0000 0000 0000
6 0001 1011 0100 0000 0000 0000 0000 0001
7 0101 0010 1000 0000 0000 0000 0000 0000
8 0010 0110 1110 1000 0000 0000 0000 0000
9 0010 1011 0110 1000 0000 0000 0000 0000
10 0010 0010 0110 0000 0000 0000 0000 0000
11 0100 0111 1000 0000 0000 0000 0000 0000
12 0001 1011 0100 0000 0000 0000 0000 0001
13 0101 0101 1000 0000 0000 0000 0000 0000
14 0011 0110 1110 1000 0000 0000 0000 0000
15 0101 0000 0000 0000 0000 0000 0000 0000